                ПискаревкаКушелевка РучьиПолюстрово ДачаДолгорукова Ржевка Девяткино ГлухоозерскаяЗаневскийПост1 ЗаневскийПост2 НеваПарнасПарголово Шувалово Удельная ЛанскаяСПбФинл
Пискаревка               0         1    1          1               0      1         0            0              0              0   0     0         0        0        0      0       0
Кушелевка                1         0    0          0               0      0         0            0              0              0   0     0         0        0        0      1       1
Ручьи                    1         0    0          1               0      1         1            0              0              0   0     1         0        0        0      0       0
Полюстрово               1         0    1          0               1      1         0            0              0              0   0     0         0        0        0      0       0
ДачаДолгорукова          0         0    0          1               0      0         0            1              0              1   0     0         0        0        0      0       0
Ржевка                   1         0    1          1               0      0         0            0              1              0   0     0         0        0        0      0       0
Девяткино                0         0    1          0               0      0         0            0              0              0   0     0         0        0        0      0       0
Глухоозерская            0         0    0          0               1      0         0            0              0              0   0     0         0        0        0      0       0
ЗаневскийПост1           0         0    0          0               0      1         0            0              0              1   1     0         0        0        0      0       0
ЗаневскийПост2           0         0    0          0               0      0         0            0              1              0   1     0         0        0        0      0       0
Нева                     0         0    0          0               0      0         0            0              1              1   0     0         0        0        0      0       0
Парнас                   0         0    1          0               0      0         0            0              0              0   0     0         1        0        0      0       0
Парголово                0         0    0          0               0      0         0            0              0              0   0     1         0        1        0      0       0
Шувалово                 0         0    0          0               0      0         0            0              0              0   0     0         1        0        1      0       0
Удельная                 0         0    0          0               0      0         0            0              0              0   0     0         0        1        0      1       0
Ланская                  0         0    0          0               0      0         0            0              0              0   0     0         0        0        1      0       1
СПбФинл                  0         1    0          0               0      0         0            0              0              0   0     0         0        0        0      1       0
